label-elev used 626 of 1133
{
 "1": {
  "found": 80,
  "of": 276,
  "dmed_median": 0.0,
  "dmin_median": -34.0,
  "share_mod_higher": 0.4875
 },
 "3": {
  "found": 148,
  "of": 276,
  "dmed_median": 32.5,
  "dmin_median": -74.5,
  "share_mod_higher": 0.5675675675675675
 },
 "5": {
  "found": 183,
  "of": 276,
  "dmed_median": 39.0,
  "dmin_median": -123.0,
  "share_mod_higher": 0.5846994535519126
 }
}
         n    found3    elev   resid  dmed3
third                                      
low     92  0.391304  2134.0 -726.75  34.00
middle  93  0.623656  3026.0 -115.00  46.00
high    91  0.593407  3353.0  318.50 -72.25
             n    found3  dmed3
st                             
Idaho       19  0.157895   40.0
Washington  36  0.416667  -39.5
Oregon      18  0.444444  -47.0
Montana     11  0.454545 -100.0
Wyoming     14  0.500000  114.0
California  85  0.588235    9.5
Colorado    55  0.672727  109.0
Utah        27  0.703704   -1.0
           n             p10             med        
era  pre1950   2000+ pre1950   2000+ pre1950   2000+
band                                                
36.0    94.0   441.0  2667.0  2864.0  3208.0  3370.0
37.0   280.0  1362.0  2372.0  2979.0  2973.0  3219.0
38.0   389.0   474.0  2402.0  2512.6  2549.0  3312.5
39.0   315.0  1105.0  2614.0  3070.0  3503.0  3597.0
40.0   217.0  1833.0  1841.0  2735.6  2899.0  3296.0
41.0   126.0   160.0  1772.0  2411.0  2216.0  3247.0
42.0   111.0    83.0  1827.0  1893.2  2384.0  2928.0
43.0   111.0   633.0  1611.0  1602.2  2140.0  2304.0
44.0    82.0   596.0  1592.0  1546.0  2251.0  2441.5
45.0   133.0   392.0   579.0   467.4  2189.0  2114.0
46.0    79.0   901.0   899.4  1250.0  1653.0  1719.0
47.0   106.0   778.0   781.0  1061.0  1353.0  1385.0
48.0    59.0   645.0   680.0   996.0  1564.0  1675.0
49.0    79.0   405.0   211.8   827.8  1277.0  1827.0
50.0   113.0   445.0     0.0   750.2   638.0  1959.0
51.0    47.0   516.0   670.0  1673.0  1386.0  2047.0
52.0    47.0   256.0   979.2  1447.0  1621.0  1985.5
p10 change median 350.6 median change 246.0
